1.0 1.0 1.0 1.0 1.0 1.0 1.0 0.0 0.0 1.0 1.0 1.0 1.0 1.0 1.0 0.0 1.0 1.0 1.0 1.0 0.0 1.0 1.0 0.0 1.0 1.0 1.0 1.0 1.0 2.0 1.0 1.0 
1.0 2.0 2.0 2.0 1.0 2.0 1.0 2.0 
18.0 6.0 1.0 2.0 8.0 3.0 18.0 2.0 4.0 18.0 18.0 9.0 7.0 18.0 5.0 18.0 15.0 6.0 1.0 5.0 2.0 4.0 15.0 3.0 4.0 15.0 12.0 7.0 15.0 15.0 4.0 15.0 0.0 4.0 1.0 3.0 3.0 4.0 5.0 2.0 5.0 2.0 3.0 5.0 5.0 5.0 5.0 5.0 1.0 2.0 2.0 2.0 1.0 2.0 0.0 2.0 2.0 2.0 2.0 2.0 2.0 2.0 2.0 2.0 4.0 1.0 1.0 1.0 1.0 1.0 4.0 1.0 1.0 1.0 4.0 4.0 4.0 3.0 1.0 4.0 39.0 8.0 1.0 2.0 7.0 3.0 39.0 5.0 6.0 28.0 19.0 19.0 40.0 20.0 4.0 20.0 0.0 11.0 3.0 4.0 3.0 11.0 11.0 12.0 12.0 1.0 12.0 5.0 2.0 6.0 12.0 8.0 0.0 3.0 4.0 2.0 1.0 2.0 8.0 1.0 5.0 8.0 7.0 8.0 8.0 9.0 2.0 9.0 
18.0 15.0 5.0 2.0 4.0 39.0 11.0 8.0 
1.0 7.0 4.0 25.0 3.0 25.0 5.0 2.0 18.0 16.0 26.0 8.0 10.0 9.0 6.0 26.0 0.0 3.0 4.0 12.0 12.0 2.0 5.0 1.0 10.0 11.0 12.0 6.0 7.0 8.0 9.0 12.0 2.0 6.0 4.0 14.0 17.0 46.0 3.0 1.0 29.0 23.0 25.0 8.0 7.0 5.0 29.0 21.0 0.0 2.0 1.0 6.0 7.0 17.0 2.0 0.0 12.0 12.0 1.0 2.0 12.0 18.0 1.0 25.0 1.0 5.0 4.0 8.0 13.0 10.0 2.0 18.0 12.0 9.0 18.0 3.0 11.0 6.0 8.0 12.0 2.0 3.0 4.0 5.0 1.0 2.0 3.0 2.0 5.0 5.0 5.0 5.0 5.0 5.0 5.0 5.0 0.0 0.0 2.0 12.0 5.0 0.0 1.0 4.0 13.0 17.0 22.0 3.0 9.0 10.0 18.0 8.0 1.0 0.0 1.0 6.0 5.0 0.0 2.0 0.0 4.0 6.0 6.0 3.0 5.0 5.0 2.0 6.0 
25.0 12.0 46.0 25.0 18.0 5.0 22.0 1.0 
5.0 1.0 3.0 3.0 3.0 2.0 3.0 2.0 4.0 5.0 3.0 5.0 4.0 5.0 4.0 5.0 0.0 0.0 0.0 7.0 0.0 2.0 0.0 1.0 5.0 7.0 3.0 4.0 3.0 7.0 2.0 7.0 3.0 13.0 3.0 2.0 5.0 1.0 4.0 36.0 19.0 0.0 31.0 60.0 21.0 21.0 13.0 0.0 4.0 1.0 2.0 54.0 3.0 12.0 5.0 6.0 30.0 47.0 11.0 21.0 10.0 33.0 7.0 42.0 5.0 3.0 8.0 4.0 4.0 6.0 2.0 1.0 26.0 22.0 19.0 25.0 25.0 20.0 31.0 36.0 1.0 2.0 13.0 34.0 8.0 6.0 4.0 7.0 16.0 34.0 9.0 3.0 10.0 34.0 5.0 34.0 0.0 2.0 3.0 6.0 0.0 11.0 5.0 16.0 12.0 6.0 10.0 1.0 10.0 0.0 9.0 9.0 0.0 0.0 6.0 4.0 1.0 8.0 2.0 3.0 18.0 18.0 6.0 11.0 11.0 11.0 7.0 18.0 
5.0 8.0 90.0 54.0 45.0 34.0 43.0 18.0 
0.0 2.0 2.0 3.0 0.0 1.0 4.0 4.0 5.0 4.0 1.0 3.0 4.0 4.0 4.0 4.0 39.0 4.0 14.0 3.0 23.0 16.0 9.0 2.0 0.0 19.0 8.0 15.0 1.0 26.0 32.0 26.0 2.0 4.0 3.0 1.0 2.0 1.0 6.0 5.0 29.0 11.0 17.0 17.0 25.0 13.0 17.0 12.0 2.0 9.0 7.0 12.0 1.0 16.0 16.0 13.0 17.0 10.0 10.0 14.0 20.0 9.0 6.0 6.0 1.0 11.0 10.0 0.0 3.0 2.0 4.0 8.0 28.0 12.0 11.0 17.0 20.0 20.0 18.0 15.0 2.0 1.0 6.0 3.0 3.0 3.0 12.0 1.0 32.0 19.0 6.0 25.0 25.0 12.0 12.0 19.0 2.0 3.0 7.0 1.0 4.0 2.0 5.0 5.0 47.0 8.0 16.0 26.0 48.0 21.0 21.0 16.0 0.0 1.0 1.0 1.0 1.0 1.0 1.0 1.0 2.0 1.0 2.0 1.0 1.0 1.0 1.0 1.0 
5.0 115.0 29.0 87.0 48.0 44.0 47.0 2.0 
1.0 1.0 2.0 1.0 1.0 1.0 2.0 1.0 1.0 1.0 1.0 1.0 1.0 1.0 1.0 1.0 
2.0
